姓名 语文 数学 物理 化学 英语 政治
张三 91     26      27      86  86    56
张四 91     36      37      86  86    56
张五 61     46      47      86  86    56
张六 21     56      57      86  86    56
张七 91     66      67      86  86    56
张八 21     76      77      86  86    56
张九 51     86      87      86  86    56
李三 91     96      97      86  86    56
李四 61     27      77      86  86    56
李五 91     28      97      86  86    56
李六 91     39      27      86  86    56
李七 61     47      77      86  86    56
李八 91     26      99      86  86    56
李九 91     26      77      86  86    56
李二 91     56      77      86  86    56
李一 91     26      17      86  86    56
李一 91     26      77      86  86    56
李一 91     26      27      86  86    56
李一 91     26      77      86  86    56
李一 91     26      77      86  86    56
